0939928549
01686689831
01277586264
0979687169
01202586887
01283495045
01684813597
01665352807
0966049496
0938813381
0981878049
01278676338
0939394392
01204481820
0979681489
0967658016
0965950494
01882660437
01287045465
01663771455
0966797850
0968238248
01275619078
0979041222
01685326212
01286354398
0939904148
0965929289
01204475694
0967603621
01867240665
01665239007
01288365069
0979080089
01644113439
01684499278
01203566184
0979903780
0966919244
01685811045
01644210338
01205015580
0979583173
01206742775
01286347795
0967074807
0967209258
01665415412
01287005413
01886551985
01685153025
01686293305
01686343449
01644551989
0938897967
0979729954
0914482732
0978655295
01275541102
0914432103
0938829104
01683636083
0979698663
01274058703
01885373833
01665490919
0915053903
01664347231
0966786805
01643379525
01885529305
01889559391
01867622690
01868213692
0979187295
0939298863
01292910100
01274907758
0978933718
01644485049
01206746929
0981712036
01645840226
0979242591
0979449217
01665737901
01888078915
0979225829
0979955649
0968280122
01867132054
01664822212
0981119125
0966683302
01207790642
01685519596
0967918894
01886091992
01284277358
01663761074
01296959279
0982538181
01293562129
0943009995
01646848588
0969753109
0971017110
01686891333
0942969209
01668672547
01627917347
0916201980
01219420256
0915616992
01666867487
01297607047
01627973108
01212551315
0916608626
01626379456
01648930210
0943968292
01626597839
01666726397
0968564900
01627896367
01649754011
01669112944
01667017620
01688051997
0983350312
0983391818
0972024864
01689572064
0968475718
0969866804
0969982482
01647659355
0944673094
01667352102
0901313218
0969265356
01689853606
01666690367
01688633079
01626842717
0945345868
01667300334
01628210057
0969853980
0984528005
01222813073
01689631265
01627835457
0942421816
0968658166
01648848590
0969115099
0971449739
0943174708
01672172246
01653383796
01672614887
0922203833
01629199597
0925566682
0974634297
0972818593
01652135999
01629134377
01672743123
0974715572
0928892300
01649662049
0973072691
01652174541
0947363238
0972420009
01693534672
01673976244
0945734834
01673087395
0945907357
01693108114
01232229817
0946902625
01652676777
0974053792
01693956632
01653729583
0973407177
0947567650
0985815942
0925568974
0986258731
0905093257
01669997033
01672227287
01628596248
01232071111
0973283994
0907202603
0904290603
0986479008
01633930966
01649161636
01652151743
0973050108
01629556262
01629734732
01694524161
0974723553
01694765974
0928656537
01655074866
0933830490
0905635249
0932929218
01657144770
0988434936
01636865821
01636898089
0975006919
0962091921
0963089268
0906488208
0987804401
0963360233
01235148707
0961233442
01634493500
01676925523
0974938294
01676778745
0976868475
01634749117
01636618089
0988549443
0906581997
01634171891
0987786653
0974907895
0932792212
01675375464
0975922268
01696717226
01253685225
0974724570
0976121988
0962162062
0975727628
01635733704
0987715548
0908199351
0962419509
01655383233
01656608676
01674441651
01237750234
0907049053
01295619206
0982921358
0902275980
01689780611
0972623397
01634792949
01696493830
01696139874
0932190323
01696411630
0916280324
01687927548
01626928638
0984329182
01225293338
0916696307
0918128858
01628282196
0946491836
0972749768
01652252230
01635749799
01638255829
0989291027
0972034357
0985045188
01628733022
0943900338
01687949310
01652570776
01687085876
0969017230
01626801780
0962324251
0988252752
01635910243
0968635839
01667305375
0983648276
0971728483
01627612405
0972811790
0919695329
0918017445
0969941646
0918399757
0945425554
01627594748
0972268708
0987569514
0933958665
01687176902
01646670207
01296730705
01626405303
0943728894
0969394741
01668635279
01215699343
0969206727
01647838538
0902689324
0944166168
0918854861
01669170352
01689089880
0918466049
01224046514
0942477421
01646854494
0982850889
0902251231
0919716371
01667197803
01667285809
01648668127
01689716803
0982707116
0972330965
01215609988
0902686616
0982999191
0969128095
0917144648
01689494379
0973076954
01657780141
01638476076
0937690997
0988787158
0964084590
0976699655
0964356249
01658008737
0937800169
0904344088
0923118150
01658974154
0909462746
01267643997
0978206682
01663133792
01683338294
0935027223
0989182536
01267405216
0912082559
0937289251
01677543018
01659005987
01658291789
01699474068
01699980115
01683407424
01262517526
0936835868
01638787224
01677890231
01638927108
01267586404
01699258389
01679366925
0935380640
01658279777
01677256338
01697989724
01682509894
01865262420
0978264497
01639737376
0948345752
0986142081
01638564094
0964129206
0988965081
0963590643
0912091129
01697123411
0989328929
01678767126
0935278513
0964270807
01698585138
01679258626
01262133856
01639358706
0912473055
01678260741
01632160589
0985596581
01633740009
01695104620
01634549691
01629594568
01653029046
01678868323
0977981498
0964295769
0977870308
01659300360
01635064870
01682260082
01683261055
01864477231
0973345167
01242734567
01674517071
01659729484
01693151424
01629807990
01654375673
0949176551
01694239895
0926981342
0905480737
01632927889
0906899273
01634464416
0986412898
0905675572
0906377276
0985800901
0905704261
0931474337
0932543153
0905176849
0949934005
0948167557
0906701776
0946972900
01673506143
0905905633
01633425704
01694911039
01634624130
0948757488
01634144214
01866321638
01662196399
01863324831
01662632552
0913123640
0913344965
0989146966
01259644373
0933058388
01697095002
0977350759
01696773930
0907984119
0988171138
0975991736
01256786917
0933454052
0976654464
01677334092
01697860478
0962235287
0962506998
01696328627
01677792148
01695564925
0963857538
0988225152
0933538061
0976866285
01697135287
01697012098
0989078018
01676207284
0963680677
0989425341
01635648752
0962460066
01676020885
01656887198
0963757907
0934306115
01638358906
0975904351
01675779912
01257615800
01655744649
01657941144
0987673805
0933190893
01245105124
0976339072
0963504189
01677699598
0962811163
01676558016
0908766957
0977454697
01699233331
0964926695
0912552035
01266520951
01639891843
01696471513
01698274787
01639817854
01699749927
0977867375
0964660438
01698884761
01699113506
0964104374
0936331792
01658079671
01699129279
01699804614
0909586206
01699372659
0937791925
0964063819
01269811490
01642345320
01662475045
01863265297
01658083083
01658267481
0937177453
01682019454
01658886582
01678563369
01639978565
01642494123
01659698388
0909867717
01698220934
0909619302
0965410494
0978073218
0935938277
01659841261
01679523610
0978114430
01683092895
01666367263
01664019475
0979157913
0967038267
01883928697
01663676039
01685527578
0967623521
0939152619
01992107738
0978885391
0966367997
0967332436
0967101725
01665077726
01212134613
01644473983
01686443296
0913717208
01206834634
01684819618
01646205666
01664581688
01664726978
0966630096
01285526024
01207701137
0968017621
01889495043
0966799440
0979212453
0966502256
0979599294
0968311622
01284225718
01646192056
01663938771
0966725495
01204732786
01644447324
01664627926
0981290228
01684628088
01645678946
0967168937
0914583837
0915232925
01663990656
0979802355
0939633734
0967307093
01206152995
0968248666
01686017046
0968123548
01643457898
0979869024
0979613535
01664600992
01684609925
0979447824
0941505573
01686400225
01643881663
01868337184
01869166057
0914152527
01645054419
0901015669
0981122290
01205260432
0967367673
01884543377
0966508096
0967265720
01645348292
0979832691
0967576717
01643942194
01645040053
01644228029
0979687136
0967396421
01884440184
0981688680
0967871445
0979743941
01685501806
01886334867
01666380909
0914009931
01203258969
01684870973
01666002789
0941352342
01886592398
0967332955
01627893846
0968700634
0968755246
01647897854
0917886936
01646987959
0984343766
0972174674
01666676552
0942777976
01297794391
01626939451
01689099088
0901386271
0943232420
01687362436
0969569402
01668853615
0945642265
01295444744
0943258680
01212588385
01688090219
01214142599
01626463179
01222615222
0915711132
0983109555
0943545812
0945460216
01688917880
0916364252
01217626363
0968750079
01667027779
0968999648
0969484331
0984540254
01213544561
0917819618
0971558993
0918218184
01689522633
0982628891
01648745714
0984038093
0984347608
0916261265
0969001192
01222576629
01688488983
0982631372
0983819278
0919058676
01223116220
01649856821
0919202710
0902721740
01626856000
01648944903
01689673275
0915652199
01686875124
01668529483
01627178204
0943202938
01688270290
0969453703
0983901927
01689369365
01688345945
01668872343
01687650870
01626902216
01668721977
01687340709
01667073698
0972365941
0983063338
0969130765
0904092948
0944064692
01626922798
01649571899
01633055273
01673246061
0984705394
0904744232
01629193630
0919784253
01672326690
01229262682
01654699166
0974797895
01629238102
01692414152
0948450179
01692227071
0985896856
0925155209
01674539369
0905580903
01649750660
0946528191
01628644651
0974153890
01652272736
0974158759
01653940540
0948608902
0946683540
0972791632
01632090550
0973444537
01654758926
01694645043
0984737021
0904628348
01672445608
0985297246
01653301015
0948213319
0986032864
0905306138
01653647333
0985786192
01672226859
01693572641
01649183734
0906465198
01649720550
0945828872
01692729637
01694100778
01694306554
0986532563
0948068938
0919085172
0927621706
0906881021
0928580553
0904027362
0974435600
0961483770
01655394098
0975750025
0987786701
01244296482
0976287125
01694960680
0962380638
0975244160
0962798027
01256799799
01674124911
01655687589
01655949686
01249001801
01634568418
0975355781
0907300788
0988263450
0933323069
0907753718
01674316694
0988277999
0976411946
0906517767
0987339177
0975662198
0906726770
01656050968
0927735294
0987792070
0963367396
01657163768
0933643368
0974812197
01634366366
0961753918
0976786202
01674104145
01237164972
01635597223
0988576097
01636319398
01695759035
01635934516
0963363467
0907759927
01647135740
01688537127
0984517127
0987782767
0976221883
01255521983
0932490361
0975731250
01697799712
0983560881
0972252895
0984608135
0972705457
0976559699
01696329616
0977600342
01215122152
01626514806
0917227522
0924058432
01666930834
0972133951
0944293121
0971711477
0988057195
0962825987
01264348097
01217445974
01667470014
0946375317
01687147915
01224243348
01672324072
0962406852
01676045115
0963028321
01696166615
01697291187
01248132130
0975622505
01635635116
01635667890
0988890709
01294049262
0968667297
0969459501
0984151490
0972774446
01222036319
0969912335
0984882977
01672153818
01668537980
01649306639
0973027904
01667049782
01649949615
0983072863
01218236553
01647884128
01627830980
0968547441
0917854692
01669672243
01223554309
01649098863
01219379347
0969249830
0969937900
0984633961
0946700104
0976714319
01696909120
0989390555
0965632350
01678375404
01678632040
01639041202
01258681393
0977629980
0989936219
0908227025
0989118702
0909467005
0935666335
0964628997
01647479761
0904313517
0977789229
01699716882
0964459023
01678474405
0977697035
01639483811
0937000286
01658375714
01262107353
01639921409
0978419355
0963983390
01699388931
0937872669
0912999861
0989668164
0977960444
0976648426
0989383422
0976677895
0988679065
0976730912
0976856615
0989298495
0909569915
0978524987
0964270956
0937722888
01658766211
01642326628
01678419425
0978082304
01677338218
01698380748
01678312483
01659639901
01699188196
01682299580
01657846079
0977975033
0935940689
01692824928
01683023307
0961214955
01629496683
0973831961
0926565864
01238373565
0964298124
01266792732
0993236054
01267557045
01267775465
01639986892
01695009999
0932124862
01634181396
01683417535
01682617903
01662048882
01683368975
0905858322
01629111637
0973710622
0949777168
01652796669
0985516011
01653734827
01699937972
0986096319
01654385864
01633910933
01692845964
0974280546
01655108183
01634161257
01227923984
01694586528
01654390583
0974776410
0973429780
0905820792
0986106200
01674089560
01233910972
01673440553
01682483973
01683295458
01682107077
01682178703
01682841089
0986167152
01674731475
0987002605
01259473780
0935266172
0976223165
0963794547
0934321730
0977103887
01638387132
0962625182
0908288817
0988742492
0988953838
0909311584
01254112239
0988745067
0962727685
01677389351
01255792869
01656423868
01636960140
0964605542
0988691971
01696933915
01638262047
01678228152
01696109066
01249800903
0989436100
0907841418
01676690972
01695926353
0976482989
01657594115
0963002566
0962262606
01655752635
0988459202
01676652289
0934851032
0934985129
0935035610
01656033010
01656299838
01635633384
01636332213
01636566679
01639747855
0987442246
0988741692
01657485499
0936410340
01699462526
01658438685
0965896975
01864709846
01658018065
01659229228
0978570232
0937130980
0977750728
0965431361
0965892669
01683491434
01658671473
0978031248
0977813631
0978559069
01683482531
01699670571
0964732292
0964029478
01698754990
0997242599
0965221895
01699594542
01678802234
0978169105
01682305008
01659400017
01664552372
01685162224
01663887651
0914613660
01286524015
01643064564
0967320852
0967519175
01288743374
01686241508
01645380375
0978735779
0979201398
0966319250
0942148074
0939028279
01285207607
01684041310
01644194619
0979166187
0979554041
01644336994
0966245695
01683720070
01684032865
01665559355
01665866128
0966012312
01686330196
0982053149
01686665825
01884793719
0978692054
0982144195
0966234299
0966836165
0942088862
0967581527
01277444373
01644464816
01664560936
01283393837
01664649230
01289149218
01888414543
0966341224
01883358702
01644085852
0979739866
01685835699
01992099206
01889991202
0966587072
0967501559
0938353987
01646149922
0978921964
0966091280
01644009344
01869008982
01869363754
0967989637
0981590109
01643504799
0966622049
0979692565
0968011858
01889540775
0965961463
01275942568
0979865610
0939144330
01664848718
0981770029
01646293930
0938493457
01683773369
0966595361
01869294442
01203021244
01869473823
01283166662
0966946524
01869087493
01664135734
01205722396
01686566868
0966922314
01684817663
01685301099
0967639822
01643467093
0966846992
0981145867
01685885416
0982106441
01202809958
01203994693
01276091138
01869104202
01686408505
0983445625
01666602227
0902650812
0984210955
01686999345
01646736029
01626233608
01647936916
01223327922
0982859779
0943472572
01689177253
01627332254
0983573247
01627273712
01648615509
0917902379
01628083310
01687318734
0983940936
0969838372
01666409783
01687431797
01668373746
01222334528
01668057838
0983396544
01648668464
01689020454
01666695918
0916967084
01223690151
0902736238
0972306098
01648749065
0902097987
01687357897
0971309343
01647474007
01628059008
01626291997
0968781893
01688994177
01648053687
0944910798
01648898522
01296001134
01648461799
01668411352
0916008841
01646847105
01667176166
01626103784
01647366061
0972018674
01689357042
01692326718
01653435356
0986849991
0948845508
0974391852
01693506864
01693247621
01653701447
0986421994
0974287187
01649744194
0946414288
01653811628
0949163143
0948308721
01228814607
01629631997
01693184736
0973565709
01632286907
0973351263
01233369931
01672389086
0985097668
01673570003
0905249244
01673554229
01653449336
01654427222
01694014059
0986591861
0974355000
0973713973
01673530538
01672105290
0945944586
0904728202
01692751893
0985507565
01234524222
0973088994
01633021804
0905099730
01672188573
0985240470
01692982433
0919141909
01672442636
01632126432
0949290406
01694905443
01628862722
01632142451
0985933978
0973693370
01693884276
01649553879
0906395041
0985644833
0949429309
01675136933
0907265754
01242161295
0975861202
0987250692
0974908010
0987372897
01657335920
01237561395
01636489468
01254444560
0988740562
01654993107
01633953806
0987536901
01676304579
01635800597
0929224668
01655324952
0962000060
01655684777
0932368934
0962617103
01656449588
0976887680
0963752408
01696819615
0987986279
0988573797
0963174444
0926347196
0907008183
0987858478
01634911087
01242738549
0932858699
0907555054
01655342989
01655939215
0907379657
01238259333
0962126476
01636496316
0988749708
01673988189
0963245944
01654866907
0928004111
0932283352
01675455749
01626570388
0975626301
01636498590
01636432481
01655760020
0916380806
01667444185
0942514519
01666971996
01695958006
01635788763
01636555188
01254878373
0985159897
0985297005
0982573742
0984735740
0968626228
01687637795
01687745660
01299598686
01668451989
01689945534
0907355228
01246039874
01688818639
0903037129
0903350024
0982995933
01687543417
01626121004
01626206827
01225346650
01697220986
01695846397
0976108207
0963294733
0963562716
0976461796
01656935929
01657832030
0989425805
0969153400
0983990290
01689490211
0972966217
01214996192
01216630939
0972020535
01669996439
0982872496
0903039488
0968812816
0969065822
0983538872
0983312043
0915779895
0942427836
0983149246
01648624476
01687027374
0971314114
01649752789
01672009698
01672462484
01649398015
01627597891
0972083480
01216953664
0902760862
0902826974
01689183343
01638912671
01698639886
01642459678
0964223539
01698061476
01659130956
0965856198
01699518154
0915710597
0902829193
0944431655
01263133251
01639979469
01657735193
0989325033
0964173208
01658276755
01659475649
0937732569
01662079018
0935311897
01699252981
01642427704
01863510898
0963872568
0964549109
01642626015
01679234486
01658025711
01658078303
0909367481
0978453666
01699379371
0964048180
0911530037
0963498828
01636828289
0906298117
01634824278
01678069550
0909538048
01678501577
0978385332
0989559372
0977797299
01659583888
0963887973
0964412338
01658172904
0936881733
01683312260
01262751361
0937058685
0977987695
0978150611
01642555954
01663474359
01683316037
01697681300
01233361412
01639879973
01639912315
01229012479
0985660751
01633125577
0974148797
01694024626
01674570592
01634169970
0973259966
01672624683
01654652382
01682721997
01662252661
01863602197
01682444964
01692902672
0974648481
01682300638
01683277814
0905905297
0927655325
01673590853
0906400616
01693472655
01694558982
01654534759
01227463088
0986164489
0986523463
0987176261
01629016274
01653561383
0974643371
0985742031
0986713205
01693967014
0947565589
0926202426
01863317955
01662164076
01699698944
01634743703
01699716866
01637734695
0908987658
0975807745
0976438120
0963238514
01255575552
0977108506
01676393331
0963307797
0989058847
0989635669
01697370024
01697476606
0934790763
0962048007
01695643455
01257150589
0994717018
01656557712
01697455516
01657531748
01656529493
0934920671
0989624813
0989643947
0977672730
0962028827
0907413435
01656477856
0977503518
0962213273
0962863565
01263552667
01655814858
01676023238
0975942295
01656697823
0977385772
01676185402
0988139969
0975902378
0988449879
0963065556
01637262462
0962785608
01696778160
0976877793
0907617013
0977457530
0965309145
0975229499
01656033583
0976026041
01696975008
0989239759
01659277757
01682241303
01863939798
01655758564
01678515020
0965548488
01698298418
01266736753
0912492429
0935755108
0994602465
01267641350
01679714591
0911658856
01682904979
0935776028
0964398215
0936648190
01264748643
01683331563
0935748168
0977778062
01267164168
0978519687
0937836262
0964066259
01659345769
01642190960
01662984147
01642820366
0909825064
0936160360
01698461523
0994005056
0911465754
01682728775
01663960405
0915219904
0942277247
01284038366
01645489245
01643358185
0938842777
0967186683
01883882855
01886887599
01665153591
01889901535
01272143208
0939953105
01867989828
0938420956
0967222956
01212336880
01644939162
01645432555
01642985666
01645564565
01686631820
01887931106
0966652096
01645353316
01889393677
01644062254
0981729813
0966198197
0979490938
0938779741
01207002861
01885155112
0981362571
01664091545
0939008882
0979982521
01644666776
0938801171
01889653133
01663646630
0966405465
0966422992
01663703110
0966966110
0966254237
01664734072
01288895451
0967916612
01277992237
01867839649
0979911624
0966965538
01685392478
01686731441
01666304055
01684615126
01645014306
01686747545
0978650921
0913732445
01664708612
01206145505
01685092177
01883742325
0942180163
01292749017
01885633731
0967336295
01665354547
0981627245
01663910419
01643112621
01683959823
01684383807
0981310318
0968389092
01202529429
01882068325
0968153271
01883015797
0966092467
0966683371
0914022024
01665585160
0939007338
01644749873
0967025079
01884076299
0941491327
0979013231
0981044345
01867964252
01289696555
01665919762
0966189690
01272661642
0938945961
01666381268
01665741660
01664422886
01282264838
01286987987
01643431462
01644386115
01884952769
0981595494
0979208625
01684292158
01884844695
0982273123
0967777801
0971118699
0982962683
0968952348
01626040218
0945722445
0982460750
01627204633
0969110735
0902905531
0917667419
01689861201
0969407222
0944677024
01688825657
01216839193
01689344345
01296210495
01668696321
01222113936
01669552531
0902029819
01668614290
01627521799
01668618199
0972195383
0984785615
0984801020
0982750442
0944261091
01626621142
0982613578
0982518985
0982534152
0968673125
0972008213
01686837320
0969610609
0902171996
0969689361
01668420964
01224071955
01666952484
0982706940
0944631444
0902169722
01222125352
0902964684
0983709345
01689464380
01215582253
0984424104
01294531261
0943592292
01647765107
01299627888
0945133363
0903090815
01627912881
01649649950
01693663351
01233793883
01628448922
0904889084
01694485810
0974265187
01692206660
01652948590
01694156978
0946888217
0947968009
0947799091
0923355641
01693398205
0985826151
01653880671
0948120973
0925489839
01653268809
0949009886
01654117337
0946078445
0984495000
01233977757
0986830082
01652516137
01692038937
0905822845
01669520818
0972727159
0972725502
01692376979
01672942832
0905919640
0973451648
01692125492
01692691992
0948054518
01655221676
01668881217
0973282692
0949835279
01669710010
0972728649
0985199222
01228900707
01673114231
01632574710
01674763277
0932481218
0973479832
0928750466
0972931837
01633023082
01676337238
01676360029
01676476855
0988068347
01636360640
0974938445
0932511592
0962328561
01675297689
0931642093
01634081732
0976065998
01638276637
0908601248
01636573169
0961284268
01634411713
0976637079
01676674883
01676857827
0949929506
0975600732
0987461041
01655744783
01635041752
0961541241
01695379492
0962865732
0987123061
01634435606
01695862737
01635670315
0949753713
0961667000
0988165049
0976477371
0974940186
01654861161
0987844546
0975699658
0928837958
0933793081
0932239424
01635282770
0962292185
0962678222
0933228922
0905688192
0932069525
0929177115
01635048301
0963192924
0933281327
01647663678
0902574067
01652488675
0963365473
01694738380
0962628360
0976616621
0969169254
0942856859
0917786240
01636753137
01262206822
0969408672
01628063794
0919243101
0982498642
01672091997
0968529800
0988799519
01647523780
0944606018
0969207072
01688541885
0984299270
01649077391
01696587837
0932929951
01635159300
01262612352
01677015683
01657963536
0976202552
01678009020
01263124227
01213645175
01648951632
01666889578
01647338407
0973003876
01296295595
0984023387
0945588499
01226913071
0969333958
0969873405
0919584379
01667684671
0983672279
01668587180
0904496311
0923553368
01686840996
01646696393
0983498381
0902760301
01652431067
01668589419
01649008032
0946230894
01687892961
0984281402
0982761509
0969024461
0969444339
01647637197
0944238662
01687047039
01697680716
0976805876
01263047750
0964765283
0965695926
0937369251
0909177663
0964113889
0942902347
01216366127
01649785525
01657753361
0989553199
0963731650
0909071802
01657993519
0935954259
0965737773
0964104551
0936114466
01679591399
0977960896
0964680541
01679314729
01659110199
0937829299
01657605100
0989419284
01866549524
01677755585
0909443847
0978067741
01699260459
01699482272
01697501411
01697517125
0964389655
0977936785
01699015317
01628983965
01695064086
0975068465
0906829235
0964720213
01678874665
01639401749
01677541300
0977370355
01658737412
0988714578
01658496067
01267669876
01267306421
01677979582
01658817330
01662115104
01863505056
01227951094
01654925654
01697907890
0997601882
0936745255
0906656049
0909511495
0965821439
01674200702
0974668709
01662865687
01662330155
01662473004
01682902356
01863642812
01663301772
0912901330
0947453756
0924458873
01654715238
0907177412
01672984170
0986587346
0974739648
01629108761
0985850973
01694070817
01674286079
01693488405
0986113892
0905777289
0927827791
0928344034
01653256658
01694096498
0986579670
0986871495
0932171291
01674258997
0927682989
01629709656
01653368631
0947472313
0974228149
0906472869
0986857096
0905841159
01238944485
01682441929
01663072519
01699731450
01662990542
0987118407
01634508363
01239168467
01239835389
01242578546
01683569769
01663360015
0988990246
01637896646
01697579007
0908571447
0909292086
0962147746
01675480406
01656930202
01637779980
0933377620
01657465562
0989334519
01655529651
0977402474
0933157772
0963694978
01637931335
01657359668
0989562165
01676121278
01677515394
01696755516
01677212102
01677862584
0988212152
0976075665
0963034217
01636722930
01656513647
01676911997
01677478340
01696406080
01697580898
01657679191
0961803156
0934840864
0975653019
0976845322
01642061107
01635361254
0976192001
0988323083
01697181068
01662137077
01698010522
01699599794
01867012981
0977771834
0935880919
01659522684
0937483084
01682296323
0912610295
01638980173
01699516490
0965896929
0909463922
0964840455
01642292792
0965141728
0936364997
0964935995
0964512328
0964074285
0994726901
0965572626
0977791789
0964195789
01698077361
01662403205
01889717843
01882951652
01664183629
0981681994
0981833396
0968316204
0979695936
0967245459
01208996280
01645209850
01646086367
01685705970
01665258578
01889028228
0966472222
0939412816
0981245718
0942104618
01664343446
0979725461
01883356061
01643887324
0982146136
01643106841
0966626263
01869484340
0939139443
01282486786
0939466609
01202085580
0967157418
0982197149
01644253758
0979876981
01867666654
01884551063
01665310516
01686191404
0979759347
0967375038
0979906091
01684801062
01683972527
01644250137
0941282828
0968295897
01643277326
01278476800
01645157788
0967769546
0978836991
0914465521
01202129191
0966452108
01665447785
0941960819
01663601444
0979902943
01212064696
01664224993
0981499995
01646224644
01685698908
0967721397
01686814785
01644763283
01208597297
01665451690
0979203545
01664075995
0979150446
0939024044
01207338155
01686778972
01277999339
0979119418
01644969232
01882282630
0966206747
01867753979
01203634452
0979484356
01282530788
01283746063
01684809746
0967678105
0981220894
0941387788
01889659495
01643756997
01685028608
0981715655
01867524321
0914803321
0914965550
01663505985
01869818054
01645577773
01683756236
01664743630
01643080401
01868034829
0913952096
0982252795
01887235552
01868238458
0979632548
01666060495
0913932674
0939331873
01686700977
0969880274
01687049833
0917564647
0915455248
01647485154
01224513730
01626915424
01648621565
01224895504
0916586869
01647391059
01215457563
01295488498
01647244206
01648715112
01668670223
01212917233
01668812837
0983882394
0972148291
0971022270
01646866423
0969466105
01648390842
01628327461
01647399846
0983246497
01687889894
0902212322
0942663347
01647898666
0918404701
0968627335
01686853085
01687865391
0969736746
0916112216
01215560997
0916933232
01626058738
01667669164
01627725520
0968447474
0943650738
0915433000
0969969156
0944154350
01688411872
0944218179
01669671995
01293217792
01688241277
0969830358
01627643873
0945330580
0972314350
0942413913
01648464901
01666977868
01667736738
01667300565
0984756625
0945884501
01652823268
0948001147
01648999383
01649209989
0947644863
0973562452
0973921401
01632051671
01693455899
01673021579
0948701364
01693869600
01672205205
0973523029
01672837819
0972857221
01692035275
0927512821
0927977316
01654614507
0974257397
0974306108
0987155562
0972878960
01632678704
0904227051
01633370150
01226501443
0947945356
0973908088
01654554666
01649725109
0919310396
0947609774
0905339296
0984667196
0948545581
0949346062
0903968191
01693458092
0973675676
01694179981
01694503750
0986634898
0985265394
01632939345
01693688839
01672405827
0947556498
01674910736
0946073930
0905030068
01227902807
01674890500
01649418143
01673380368
01674237710
01655327019
0987267361
0973308224
01673677359
01693774472
01693954091
01655246883
0905791757
0974997754
0987631989
0975830431
0927098583
0949751525
01674403231
01654912113
0907685605
0933979224
01694740209
0962039086
01254284848
0907780381
01656446699
01236386132
0962327468
01695792102
0962069120
0932969939
01696747922
0963038615
0961807098
0976262096
01673979681
0975022821
01696214667
01696801137
01634043464
01676130034
0976033361
01676645585
01655773136
0963112957
0963024930
01635960160
0974848867
0961882790
01253391910
01675471068
01676294318
01635987424
0907371946
0968823598
01667386953
0988847105
0949757861
01674922472
0987329795
01634689641
01676977362
0942413889
01647228044
0922277576
01655400097
01636730762
01657001009
0963576738
01688600370
01628318315
0919808297
0942564653
01298878163
01652475845
0982853492
0969070673
01648336289
01626973651
01689867143
0972617509
0972717599
01259595869
01214529301
01687806107
0985445349
0972053927
0987702368
0962918560
0933568861
0934999369
0932905310
01695681481
01666630685
0942615611
0968604404
01666863456
0942934098
01652523732
01222815752
0985178105
0918124952
01628087956
0972932386
01652311938
0943218597
01647752504
0984215993
0904452773
01649245163
01692206557
01672098995
0985245527
01626886972
0971603905
0983995610
01649690745
0943900562
01669423045
01669804275
01688626620
0971295865
01214572506
01293181566
01669881875
01697059940
0963635306
01657933487
0989515478
0964741492
0963973869
0977047287
0901680004
01668096869
0969937209
0984969330
0964476992
0977881598
01699876489
01663112552
01683233654
01263500250
01659116138
0978004965
01659909223
0912254094
01662836707
01659146207
01698116596
01678731063
0996393602
0936364620
0964782941
0937630322
0977609739
0989150393
01657935674
01677740040
0964443391
0909669712
0978117381
01699178103
0977077014
0935666233
0965856176
0977234243
01659107607
01699088013
01675140179
0977185675
0996730771
0937550288
01659361159
01265705397
0965498444
01677228207
0989222935
0965464530
0937422731
01267049850
0965227159
0965382699
01697280300
01677861197
0964509609
0989920173
01265230985
0978207676
0964692454
0961391837
01698708539
0996331324
0964046499
01658799395
0936562048
0965073299
0986013430
0974871506
0973314064
01654778513
0986595645
0932436492
0973270508
01653133152
01672545312
0986767864
0987239133
01675289835
0906845632
01683032295
01632871910
0924563360
01674480648
01634060409
01653676221
0948489343
0986251934
0906722601
01634813321
01694590697
0927342500
0987061730
0949913883
0947783555
01632254431
01654766089
01674894488
0906640344
01634686421
01629919981
01674575835
01232929319
01654421003
0905598046
0974561517
01236596059
01632669017
0986477914
01243534953
01694364685
01228875150
0988040430
01696717207
0976882962
0975668644
0961550795
01636156796
01657718735
0989387796
0989522814
0975352557
01657017894
0975795137
0908246497
01256517779
01675737572
01676311630
01676326575
01676565255
0989126587
0933599984
01656902238
01696061217
0963636538
01695969866
0988521364
01696741561
01657215837
0975367076
01695569733
01635354353
01253552739
01262613566
01695582601
01252765586
0963711792
0962651830
0962889245
01696952570
01676808682
01657368746
01639100344
01699786231
0963142651
01696683198
0963679020
0935882966
01662378975
01696227529
01697993198
01867047536
01698149187
01658689533
01659131970
0989966205
0964258651
0909625813
01679643315
0912447457
01639807516
01659586470
01658601333
01658817074
0909824945
0965594548
0964167113
0964813854
01659013938
01659370290
01865722903
0964373849
0935880844
0911073896
01265373805
01659653023
01863590170
01663295151
01284935450
01683682492
01684772677
01684747716
01286420320
01646483063
0982327567
0914197546
01207082969
0941306223
01686048231
0966655791
0968353076
01646430897
01887090720
01683687649
0967255840
0978926647
01645198982
0939973284
0966499019
01884070320
01686492595
0939559366
01286061504
0982221618
0966016144
01885491095
01646513631
01868433350
0979745271
0967360270
01884369947
0981189018
01666299093
01272167292
0967637772
01642869598
0914234766
0941441635
01288031220
01289921311
01202501717
01684503412
0966836587
0967014886
01685533883
0942066360
01887624855
01686775788
01276310821
01644746809
01644916570
01686131962
01663746043
01684660155
01205920912
01685991246
01883840369
0914694022
0982002373
0942340676
01283534890
0967676371
01685769883
01663600957
0967711396
0968122482
01646494123
01867186488
01664408559
0979581173
01203800113
01643690088
01685551104
01665209219
01686700221
0941158574
0979420201
0979751247
01882737215
01683866945
01884605420
0981894378
0966013369
0966024484
0967057511
01666374833
0982334902
01885974828
0978672054
0979563631
01644815155
01685520066
01643141783
0967540431
01883000498
01686041564
01643345599
0913429612
0978968329
0914780578
01993772019
01643536118
01283635882
0966884632
0966971760
01686066137
01683851531
0966846941
01646514746
01203599945
0979348372
0914901258
01628232479
01689443162
01647637231
0969313196
01689055055
01648079807
0902345108
0972029206
01648300385
01667997273
0983057417
0969291726
01689804271
0982367051
01646922288
01626442789
01688869115
01225520752
0916726195
0972190481
0901127648
01649300020
01299502995
0983533452
0984398518
0972277249
01649133313
01219451772
01647237902
0945290416
01667009689
01667640623
0983320145
0902522869
0982471079
0916932735
0903078059
01668591194
01667184197
01628098441
01213985966
0943600674
01688623645
01689303125
0968575435
01687664989
01647321432
0969894892
01668507852
01626071166
01626366129
01667674074
0942422710
0917097739
0945377349
01688805118
01687743250
01688884282
0971167194
0983973267
0985073922
0901079980
0969234559
0969418521
01667969529
0903148625
01668523291
01229136228
01632519884
0949602626
0949743468
01633079535
01235520001
01633258142
0927313624
01649567995
0972426274
01652828194
01652895071
0985640921
01632401820
0973705545
01673328465
01693410630
0986478821
01628639357
01672449060
0973533794
01692004884
0947201914
0973829431
0973923777
0984968101
01669394111
0973791731
01652339989
0985783515
0928000489
0923317136
01229998655
01689908300
01673307877
0986766633
01632842247
0906320285
0923930089
0985256931
01694371565
01653219639
01674988865
01634506299
01239482901
0948335711
0949686894
0974717454
0928245267
0986407443
0906846090
01652151897
01692962118
01673943681
0932184858
01649907904
0924296119
0949393145
01652221735
0932215501
0987326702
01635097568
0987757313
01655463119
0987383766
01676084720
0987682176
0975727390
0934056115
01634323123
01636703793
01695043147
01656460095
0987096896
0961601431
01655030090
01633991525
0932830414
01255350038
0929219156
01696270380
0933433016
0905771582
01237184963
0962483843
01676889799
01697334142
01674270294
01634449100
01634909265
0962709951
01253849712
01655347228
01656302132
01657299470
0976363563
0949886443
0962251991
01244440554
0932356772
0933990538
01656669604
0933466034
0933938515
01647987526
0969899255
01626721364
01627279644
01672059206
01636115368
0932033118
0962869323
0908294624
0962932821
0902864607
0972836300
01299394837
01626216481
01649992191
0903274358
01668389242
01647023504
01626422765
0902126392
01688811846
0971848097
01628414023
0919656530
01626622131
01649656464
01692126716
01216353109
01652430944
01298006772
01669190142
0961888298
0975943632
01638087540
0975535709
0988313866
0933636275
01635947636
01697838231
0983888993
0984870476
0969083033
0944779209
0982549541
01687444704
0969964254
01689036043
0917444719
0916080593
0944794868
0969902374
0984791269
01689850354
0946187555
01213692159
01626928877
01224102964
0946605060
01294948369
01647172821
0971942340
0968462491
0988820525
0963974149
0964928216
0934226598
01697375098
0909016142
01266300818
01667772612
0909023719
0965890718
01659675143
0989004561
01698362983
01863741719
01662234166
01638612152
01658105806
0989508142
0977111427
0964196119
01698979332
01863939567
01863053706
0912738393
0963480123
0977311880
01639093487
0934669111
0964691969
0909610647
0978229448
0937380560
01229020821
0925581535
01659018871
01659543032
01682630409
01683531445
0964450137
0937112464
0977115971
01657598179
01642469463
01683556080
0977441542
01642841702
0947867029
01672820840
01632980981
0925217449
01694914666
0932406837
01635023117
0909674148
0946906779
01673637612
0987256529
0974398014
0974411315
01658889800
01642033794
01659940861
0974343590
01863211194
0946953783
0932579670
0924575419
01694237123
01654380121
0947104206
01694232136
0985634067
01673921668
01633434656
01693088719
0986487969
01674249087
0905800007
0975124300
0973343302
01653819558
01674243928
0973978361
0932373545
01653211860
0986458262
0973433149
01634826556
0973187109
01234054764
0905789650
0947697040
0986443087
0987232054
01662755348
01867040020
01866166164
01693156093
01673484645
0988854829
01657532609
01638638243
0907809010
01657838276
0963424525
0988103200
0963230670
0934600455
01262379333
0961611235
01655771739
0962652871
0933736848
01254271233
0977153462
0963882892
01658592569
0976097972
0988707559
0963627099
0988905066
01256777724
0976228421
01636791608
0933196362
0988390279
01657833830
01657399033
0962512061
0963403413
0961578814
0933031283
01676705462
0935145764
01699517298
01642648882
0975217915
01678137294
01695934154
0963214496
01676678872
01639139135
01682510580
0964101108
0964384800
0964700960
01639485306
01265200409
0978407287
01679323297
01683117329
01658220075
01264559994
01269885216
01642401200
01682398001
01698456541
01678586645
01866238396
01659168338
01698585195
01268010322
0937369600
0911676886
0909944228
0912163352
0913160546
0981830995
01212040529
01643179772
01868495553
01663941632
01685621829
01206310545
01685652047
0914934078
0967834446
01684211291
0978844494
0978908103
0966244076
01279451945
0978971000
0938928436
0967523323
01889696118
0978861726
01277862189
01684461478
01685887437
0938155565
0966711205
01882565808
0966458584
01684185839
0979976730
0966950899
0967209992
0979276023
0938972604
0914395223
01882531902
01884253931
01887484392
0979196367
01212248382
0979009576
01643978010
01886340073
0966232193
01886199821
01282191266
0915106662
01288431854
0967519100
01646509085
0966478148
01663696731
01684443576
01869315010
01885167353
0966192818
01285691334
0966781996
0981080668
01642887909
01643464187
0979361231
01644330863
01287110493
01887113678
01683974773
01203313514
0939710858
0966849936
01684937739
01685721119
01884787971
0982277267
0966686086
0982227147
0966837611
01686123341
01868230682
01664119193
01206003033
01685792455
0968037921
01645245850
01208587702
01889905989
0965985234
01683848492
01279552096
01282139371
01684888148
01882434308
0966763454
01685575885
0941774475
01685913289
01282056787
0966166310
0938473464
01643799944
0968412598
01282088228
0938780040
0966223125
0966325494
01664475504
01885364586
0941424626
01202642748
01278230268
0915888563
0915908232
0971581295
0983038695
0969686331
01626528884
01647765212
01667988320
01689625636
01646894177
01627718463
0944252889
0971820344
0972357005
01647320794
01648617145
01218867429
0969315394
01647729883
0971938358
01219776551
0943745764
01626798647
01687996779
0968470868
0969477664
01620731077
0944904073
0902562300
01627116016
01669214970
0915511542
0983721124
0944544137
01666648321
01295955363
0971179314
0971480374
0944440260
01668753752
0984091708
01647139842
01628220120
01648466226
0983920310
0982729714
0903722731
01667519874
0969844199
01647172508
01688478992
01628236688
0982871802
0971004837
0969151897
01688731152
0971235889
01628333694
0945981315
01669587286
0968831699
0945121289
01668868601
0904817837
0974326162
0973578087
0905325484
0973954048
01632405084
01649779246
0973440020
0974127503
0974351500
01694586309
01694680200
0986779985
0972836247
01649709357
01689995296
0905476370
01632800672
01654745293
01674490312
0947019833
01669952847
0905060204
0947141150
0905165216
01652022673
0984932920
01693362199
0985060263
01653143284
0947867872
01689854078
0949213689
0973678259
01668888570
01694483039
01649460640
0972508994
01654565059
0919975966
01629994964
0905504002
0984494133
01227551998
01694629505
01654670987
01235490310
01628338131
01234907997
01693465673
0926226808
01689868864
01672297596
01692833398
0986596992
01634583925
01628505385
0948441435
01694888056
01654947138
0945864990
01669222550
0906069904
01236413872
01633755032
0976353302
01657150776
0905790916
0931012859
01655317771
0988315746
0976648281
0988418432
01635897993
0963450696
0927782154
01694945182
01675106083
0934118420
01676751950
01675575320
0934038407
01694890652
0975456141
01247607141
0963215840
01636956131
0987490417
0962525556
0962569701
01635848852
0933892294
0933893878
01675122582
01635373442
0933898901
0962198661
0907533405
0961478753
01638234418
0926662159
01654861327
0987541002
0976503548
01694838612
0975031993
0962745442
01633430963
0982542638
01217170050
01668866661
0918211988
01649041527
0984772746
0985181622
0962219999
0932682946
0932712915
0969220933
01223537075
01213514821
01695793926
0975585131
01677464097
01689467233
01652367414
01687368855
01688353266
0969443759
0983557168
0903573133
0919947528
01649046431
01647057740
01687446189
0969045924
01222739760
0945810891
01636255071
01638868045
01655666075
0935033337
0968672082
01688768403
0983899289
0922190929
0942755975
0982429158
01646683361
0969253759
01667347970
01667781447
0944604643
01668567056
01649068826
0942915338
0917937937
01225884788
01666855984
0944759992
01648617532
01686983412
01217382738
01647523586
0944130702
0973013084
01649349167
01626581997
0984539361
01296358827
0969027265
01647541234
0984407866
0977223128
01638359605
01698740174
0964674598
01659565178
0963727544
0989471906
01698007535
01698511753
0937674500
0977095885
01678678020
0965019719
0963598689
0977122798
0963964544
01638303831
0989866632
0969566039
01689861527
01628410773
01866502620
0934581281
01698236817
01678318851
01642770749
0989248137
0936387560
0937295829
0963887936
0912788995
01682983013
01699823259
0989708362
0965265863
0989274753
0908914959
0963849831
01638554265
0977471589
0989691956
0974742088
0987093049
01655136356
0906866340
0977588616
0963938453
01266988360
0978303906
0963776222
01697586383
0978384219
0934602751
0912179924
01863053211
01642689356
0936707765
01682823394
01657666063
0964024413
01673409518
01654013766
01655179971
01634866406
01673317325
01673804293
0905310107
0964621569
01658135442
0978396210
0977782908
01673903592
0932741756
0985669188
0974167081
01653475683
01234077010
01693202529
0973835512
01632574757
0961166780
0906596286
0905568674
0906004993
0925103294
0961276792
01654312897
0986802805
01673936934
01694844552
0947267507
0986179797
01632397652
0986349291
0974962425
0985894150
0974300879
01634475274
0986901622
0932230892
0906463338
01692889899
01694713295
0987670587
01635988007
01657998092
0961659695
01695400077
01253347375
01676544708
0963664793
01695835078
01675557692
0933773699
01636851332
0962739647
01696349649
0934493329
0988135540
01258850242
0988127170
0964434346
01658248917
01696112798
0975352261
01636676262
0934693274
0962165605
0962209124
0988313906
01635316626
01636177633
01635109755
01696597642
01695942070
0964848473
0963141793
01656447991
01697769641
01677800093
0977257480
01639577195
0965888396
0936263614
01699217070
0964054220
01639523412
0978060011
0936229432
0912516860
01678978058
0937677632
01682610280
01683521839
01658340442
0935730129
0965058278
01699062848
01699835001
01864542160
01698626968
0996323810
01658421609
0964696980
01682448100
01864046509
0977743143
01267347247
0978510668
0977893391
0911648549
01683217345
0977818144
01699613439
0964407492
01269844477
01699211300
0965638856
